
<table style="text-align:center"><caption><strong>Correlation</strong></caption>
<tr><td colspan="21" style="border-bottom: 1px solid black"></td></tr><tr><td></td><td>endDate</td><td>Operating Expenses</td><td>Revenue, Net</td><td>Operating Income (Loss)</td><td>Assets</td><td>Assets, Current</td><td>Liabilities</td><td>Liabilities, Current</td><td>Net Sales</td><td>Average Total Assets</td><td>Net Income</td><td>Operating Assets</td><td>Cash, Cash Equivalents</td><td>Average Common Equity</td><td>Retained Earnings</td><td>Total Dividends</td><td>Preferred Dividends</td><td>roce</td><td>percentearningsretained</td><td>dividendpayout</td></tr>
<tr><td colspan="21" style="border-bottom: 1px solid black"></td></tr><tr><td>endDate</td><td>1</td><td>-0.936</td><td>-0.956</td><td>-0.948</td><td>0.889</td><td>0.989</td><td>0.670</td><td>0.494</td><td>-0.967</td><td>-0.597</td><td>0.401</td><td>0.989</td><td>0.963</td><td>0.973</td><td>0.930</td><td>0.982</td><td>0.298</td><td>0.362</td><td>-0.069</td><td>0.227</td></tr>
<tr><td>Operating Expenses</td><td>-0.936</td><td>1</td><td>0.998</td><td>0.999</td><td>-0.671</td><td>-0.978</td><td>-0.366</td><td>-0.156</td><td>0.995</td><td>0.841</td><td>-0.053</td><td>-0.978</td><td>-0.808</td><td>-0.829</td><td>-0.741</td><td>-0.852</td><td>0.057</td><td>-0.011</td><td>-0.286</td><td>-0.555</td></tr>
<tr><td>Revenue, Net</td><td>-0.956</td><td>0.998</td><td>1</td><td>1.000</td><td>-0.715</td><td>-0.989</td><td>-0.422</td><td>-0.217</td><td>0.999</td><td>0.806</td><td>-0.114</td><td>-0.989</td><td>-0.842</td><td>-0.861</td><td>-0.781</td><td>-0.882</td><td>-0.004</td><td>-0.073</td><td>-0.227</td><td>-0.503</td></tr>
<tr><td>Operating Income (Loss)</td><td>-0.948</td><td>0.999</td><td>1.000</td><td>1</td><td>-0.696</td><td>-0.985</td><td>-0.397</td><td>-0.190</td><td>0.998</td><td>0.822</td><td>-0.087</td><td>-0.985</td><td>-0.827</td><td>-0.847</td><td>-0.764</td><td>-0.869</td><td>0.023</td><td>-0.046</td><td>-0.253</td><td>-0.526</td></tr>
<tr><td>Assets</td><td>0.889</td><td>-0.671</td><td>-0.715</td><td>-0.696</td><td>1</td><td>0.810</td><td>0.935</td><td>0.837</td><td>-0.742</td><td>-0.163</td><td>0.776</td><td>0.811</td><td>0.979</td><td>0.971</td><td>0.995</td><td>0.960</td><td>0.702</td><td>0.749</td><td>-0.519</td><td>-0.245</td></tr>
<tr><td>Assets, Current</td><td>0.989</td><td>-0.978</td><td>-0.989</td><td>-0.985</td><td>0.810</td><td>1</td><td>0.551</td><td>0.358</td><td>-0.994</td><td>-0.711</td><td>0.259</td><td>1.000</td><td>0.912</td><td>0.927</td><td>0.864</td><td>0.942</td><td>0.151</td><td>0.218</td><td>0.081</td><td>0.370</td></tr>
<tr><td>Liabilities</td><td>0.670</td><td>-0.366</td><td>-0.422</td><td>-0.397</td><td>0.935</td><td>0.551</td><td>1</td><td>0.976</td><td>-0.457</td><td>0.196</td><td>0.949</td><td>0.552</td><td>0.844</td><td>0.824</td><td>0.896</td><td>0.799</td><td>0.908</td><td>0.935</td><td>-0.787</td><td>-0.572</td></tr>
<tr><td>Liabilities, Current</td><td>0.494</td><td>-0.156</td><td>-0.217</td><td>-0.190</td><td>0.837</td><td>0.358</td><td>0.976</td><td>1</td><td>-0.254</td><td>0.403</td><td>0.995</td><td>0.359</td><td>0.709</td><td>0.683</td><td>0.779</td><td>0.651</td><td>0.977</td><td>0.989</td><td>-0.902</td><td>-0.735</td></tr>
<tr><td>Net Sales</td><td>-0.967</td><td>0.995</td><td>0.999</td><td>0.998</td><td>-0.742</td><td>-0.994</td><td>-0.457</td><td>-0.254</td><td>1</td><td>0.783</td><td>-0.152</td><td>-0.994</td><td>-0.863</td><td>-0.880</td><td>-0.804</td><td>-0.900</td><td>-0.043</td><td>-0.111</td><td>-0.189</td><td>-0.469</td></tr>
<tr><td>Average Total Assets</td><td>-0.597</td><td>0.841</td><td>0.806</td><td>0.822</td><td>-0.163</td><td>-0.711</td><td>0.196</td><td>0.403</td><td>0.783</td><td>1</td><td>0.496</td><td>-0.710</td><td>-0.361</td><td>-0.394</td><td>-0.260</td><td>-0.433</td><td>0.588</td><td>0.531</td><td>-0.759</td><td>-0.917</td></tr>
<tr><td>Net Income</td><td>0.401</td><td>-0.053</td><td>-0.114</td><td>-0.087</td><td>0.776</td><td>0.259</td><td>0.949</td><td>0.995</td><td>-0.152</td><td>0.496</td><td>1</td><td>0.260</td><td>0.631</td><td>0.603</td><td>0.710</td><td>0.568</td><td>0.994</td><td>0.999</td><td>-0.942</td><td>-0.802</td></tr>
<tr><td>Operating Assets</td><td>0.989</td><td>-0.978</td><td>-0.989</td><td>-0.985</td><td>0.811</td><td>1.000</td><td>0.552</td><td>0.359</td><td>-0.994</td><td>-0.710</td><td>0.260</td><td>1</td><td>0.913</td><td>0.927</td><td>0.865</td><td>0.942</td><td>0.153</td><td>0.220</td><td>0.080</td><td>0.369</td></tr>
<tr><td>Cash, Cash Equivalents</td><td>0.963</td><td>-0.808</td><td>-0.842</td><td>-0.827</td><td>0.979</td><td>0.912</td><td>0.844</td><td>0.709</td><td>-0.863</td><td>-0.361</td><td>0.631</td><td>0.913</td><td>1</td><td>0.999</td><td>0.994</td><td>0.997</td><td>0.543</td><td>0.599</td><td>-0.334</td><td>-0.043</td></tr>
<tr><td>Average Common Equity</td><td>0.973</td><td>-0.829</td><td>-0.861</td><td>-0.847</td><td>0.971</td><td>0.927</td><td>0.824</td><td>0.683</td><td>-0.880</td><td>-0.394</td><td>0.603</td><td>0.927</td><td>0.999</td><td>1</td><td>0.990</td><td>0.999</td><td>0.512</td><td>0.569</td><td>-0.300</td><td>-0.006</td></tr>
<tr><td>Retained Earnings</td><td>0.930</td><td>-0.741</td><td>-0.781</td><td>-0.764</td><td>0.995</td><td>0.864</td><td>0.896</td><td>0.779</td><td>-0.804</td><td>-0.260</td><td>0.710</td><td>0.865</td><td>0.994</td><td>0.990</td><td>1</td><td>0.983</td><td>0.628</td><td>0.680</td><td>-0.432</td><td>-0.148</td></tr>
<tr><td>Total Dividends</td><td>0.982</td><td>-0.852</td><td>-0.882</td><td>-0.869</td><td>0.960</td><td>0.942</td><td>0.799</td><td>0.651</td><td>-0.900</td><td>-0.433</td><td>0.568</td><td>0.942</td><td>0.997</td><td>0.999</td><td>0.983</td><td>1</td><td>0.475</td><td>0.534</td><td>-0.259</td><td>0.036</td></tr>
<tr><td>Preferred Dividends</td><td>0.298</td><td>0.057</td><td>-0.004</td><td>0.023</td><td>0.702</td><td>0.151</td><td>0.908</td><td>0.977</td><td>-0.043</td><td>0.588</td><td>0.994</td><td>0.153</td><td>0.543</td><td>0.512</td><td>0.628</td><td>0.475</td><td>1</td><td>0.998</td><td>-0.973</td><td>-0.862</td></tr>
<tr><td>roce</td><td>0.362</td><td>-0.011</td><td>-0.073</td><td>-0.046</td><td>0.749</td><td>0.218</td><td>0.935</td><td>0.989</td><td>-0.111</td><td>0.531</td><td>0.999</td><td>0.220</td><td>0.599</td><td>0.569</td><td>0.680</td><td>0.534</td><td>0.998</td><td>1</td><td>-0.955</td><td>-0.826</td></tr>
<tr><td>percentearningsretained</td><td>-0.069</td><td>-0.286</td><td>-0.227</td><td>-0.253</td><td>-0.519</td><td>0.081</td><td>-0.787</td><td>-0.902</td><td>-0.189</td><td>-0.759</td><td>-0.942</td><td>0.080</td><td>-0.334</td><td>-0.300</td><td>-0.432</td><td>-0.259</td><td>-0.973</td><td>-0.955</td><td>1</td><td>0.956</td></tr>
<tr><td>dividendpayout</td><td>0.227</td><td>-0.555</td><td>-0.503</td><td>-0.526</td><td>-0.245</td><td>0.370</td><td>-0.572</td><td>-0.735</td><td>-0.469</td><td>-0.917</td><td>-0.802</td><td>0.369</td><td>-0.043</td><td>-0.006</td><td>-0.148</td><td>0.036</td><td>-0.862</td><td>-0.826</td><td>0.956</td><td>1</td></tr>
<tr><td colspan="21" style="border-bottom: 1px solid black"></td></tr></table>
